|Минимальное время             |Среднее время по 50 итерациям |Максимальное время            |Длина массива                 |
|4.830002581002191e-06         |1.947199780261144e-07         |2.6290999812772498e-05        |100                           |
|4.544002877082676e-06         |2.2426000214181841e-07        |3.389899939065799e-05         |200                           |
|3.668999852379784e-06         |1.1470001481939107e-07        |0.00015225600145640783        |300                           |
|4.1290004446636885e-06        |8.258000889327376e-08         |3.54450021404773e-05          |400                           |
|4.0529994294047356e-06        |8.463997801300138e-08         |2.7104000764666125e-05        |500                           |
|3.851000656140968e-06         |1.0534000466577709e-07        |1.5443001757375896e-05        |600                           |
|4.579000233206898e-06         |1.2354001228231936e-07        |1.3292999938130379e-05        |700                           |
|4.978002834832296e-06         |1.9104001694358885e-07        |3.108999953838065e-05         |800                           |
|4.6099994506221265e-06        |1.1732001439668238e-07        |1.6401001630583778e-05        |900                           |
|4.616002115653828e-06         |9.232004231307656e-08         |2.4113000108627602e-05        |1000                          |
