|Минимальное время             |Среднее время по 50 итерациям |Максимальное время            |Длина массива                 |
|1.763700129231438e-05         |3.881599695887417e-07         |3.7747002352261916e-05        |100000                        |
|1.715100006549619e-05         |5.558799603022635e-07         |3.176900281687267e-05         |200000                        |
|1.4188000932335854e-05        |3.7992002035025506e-07        |3.1057999876793474e-05        |300000                        |
|1.4414999895961955e-05        |5.944800068391487e-07         |2.9724000341957435e-05        |400000                        |
|1.7630001821089536e-05        |4.5058004616294056e-07        |3.460600055404939e-05         |500000                        |
|1.5573998098261654e-05        |4.572000034386292e-07         |3.618399932747707e-05         |600000                        |
|1.560099917696789e-05         |4.283199814381078e-07         |3.677499989862554e-05         |700000                        |
|1.2002998118987307e-05        |6.355400546453894e-07         |3.536900112521835e-05         |800000                        |
|1.553699985379353e-05         |6.973800191190093e-07         |5.861299723619595e-05         |900000                        |
|1.3339998986339197e-05        |5.100599810248241e-07         |8.432100003119558e-05         |1000000                       |
