|Минимальное время             |Среднее время по 50 итерациям |Максимальное время            |Длина массива                 |
|9.626000974094495e-06         |2.492799831088632e-07         |8.808300117379986e-05         |10000                         |
|1.0293002560501918e-05        |2.396199852228165e-07         |4.7688001359347254e-05        |20000                         |
|1.208200046676211e-05         |5.711799894925207e-07         |8.322500070789829e-05         |30000                         |
|1.1148000339744613e-05        |2.824999683070928e-07         |2.68320000031963e-05          |40000                         |
|1.2644999515032396e-05        |3.1887997465673833e-07        |4.113099930691533e-05         |50000                         |
|1.3580000086221844e-05        |3.5343997296877204e-07        |2.798300192807801e-05         |60000                         |
|1.253099981113337e-05         |5.05599964526482e-07          |3.111100159003399e-05         |70000                         |
|1.2869000784121454e-05        |6.115799624240026e-07         |4.1613999201217666e-05        |80000                         |
|1.588099985383451e-05         |3.446999471634626e-07         |3.939499947591685e-05         |90000                         |
|1.2953001714777201e-05        |3.711600584210828e-07         |4.7981000534491614e-05        |100000                        |
