|Минимальное время             |Среднее время по 50 итерациям |Максимальное время            |Длина массива                 |
|1.4729994290973991e-06        |1.8742199972621165e-06        |4.8509991756873205e-06        |10                            |
|1.7719994502840564e-06        |2.8286000451771544e-06        |6.227000994840637e-06         |20                            |
|1.8589998944662511e-06        |2.1193000429775566e-06        |3.5270004445919767e-06        |30                            |
|1.8210012058261782e-06        |2.2527800683747045e-06        |4.187999365967698e-06         |40                            |
|1.845999577199109e-06         |2.3941799372551033e-06        |4.177998562227003e-06         |50                            |
|1.9740000425372273e-06        |2.653639967320487e-06         |5.368001438910142e-06         |60                            |
|2.1969990484649315e-06        |2.977420008392073e-06         |7.849001121940091e-06         |70                            |
|2.1120013116160408e-06        |3.008999992744066e-06         |7.496999387512915e-06         |80                            |
|2.2419990273192525e-06        |2.836699968611356e-06         |6.469999789260328e-06         |90                            |
|2.175000190618448e-06         |6.635660138272215e-06         |1.8190001355833374e-05        |100                           |
|2.3620013962499797e-06        |3.934820051654242e-06         |2.0729999960167333e-05        |100                           |
|2.6080015231855214e-06        |4.712480076705105e-06         |1.0077999831992202e-05        |200                           |
|3.484999979264103e-06         |7.80146016040817e-06          |1.3565000699600205e-05        |300                           |
|3.7539994082180783e-06        |6.471740052802489e-06         |1.4005998309585266e-05        |400                           |
|4.769000952364877e-06         |7.555120064353105e-06         |2.553200101829134e-05         |500                           |
|3.3129999792436138e-06        |6.850359968666453e-06         |1.4766001186217181e-05        |600                           |
|3.715000275406055e-06         |5.472519878821913e-06         |7.864999133744277e-06         |700                           |
|4.614001227309927e-06         |6.549719873873983e-06         |1.4634999388363212e-05        |800                           |
|4.94800042361021e-06          |1.2836460118705873e-05        |4.026700116810389e-05         |900                           |
|5.357000190997496e-06         |7.700299938733224e-06         |1.8894999811891466e-05        |1000                          |
|4.354000338935293e-06         |7.2161798379966055e-06        |2.3545999283669516e-05        |1000                          |
|4.258001354173757e-06         |7.615139984409325e-06         |1.9918999896617606e-05        |2000                          |
|5.261999831418507e-06         |7.578720033052377e-06         |1.127399991673883e-05         |3000                          |
|5.453999619930983e-06         |8.319799999298993e-06         |1.8420001651975326e-05        |4000                          |
|6.1279988585738465e-06        |8.283979987027124e-06         |1.96919991140021e-05          |5000                          |
|6.48099921818357e-06          |8.863379880494904e-06         |1.561899989610538e-05         |6000                          |
|6.971999027882703e-06         |1.0998399957315997e-05        |2.5545999960741028e-05        |7000                          |
|5.402000169851817e-06         |1.0270779785059859e-05        |3.1099998523131944e-05        |8000                          |
|4.853000064031221e-06         |9.839940066740382e-06         |1.6165000488399528e-05        |9000                          |
|7.536998964496888e-06         |1.11900199772208e-05          |1.4850000297883525e-05        |10000                         |
|6.023999958415516e-06         |1.0587620017759037e-05        |2.2950000129640102e-05        |10000                         |
|7.951999577926472e-06         |1.2655579994316212e-05        |1.8357999579166062e-05        |20000                         |
|1.0335001206840388e-05        |1.4189200082910248e-05        |2.4867000320227817e-05        |30000                         |
|1.4803999874857254e-05        |2.0676999993156643e-05        |4.760200135933701e-05         |40000                         |
|1.5195999367279e-05           |1.9775099972321186e-05        |3.9095000829547644e-05        |50000                         |
|1.5697998605901375e-05        |2.2440219872805755e-05        |4.948999958287459e-05         |60000                         |
|1.6807000065455213e-05        |2.5727040047058835e-05        |0.0001030629991873866         |70000                         |
|1.704600072116591e-05         |2.6948860104312188e-05        |6.974799907766283e-05         |80000                         |
|1.54330009536352e-05          |2.2227660010685213e-05        |3.5384000511839986e-05        |90000                         |
|1.5640000128769316e-05        |2.391470017755637e-05         |3.525800093484577e-05         |100000                        |
|1.4724999346071854e-05        |2.2763459965062795e-05        |3.335399924253579e-05         |100000                        |
|1.7709000530885532e-05        |2.8614660004677715e-05        |5.084199983684812e-05         |200000                        |
|1.8053999156109057e-05        |3.391371999896364e-05         |5.674900057783816e-05         |300000                        |
|1.8322998585063033e-05        |4.165593989455374e-05         |0.00010551599916652776        |400000                        |
|1.92340012290515e-05          |4.490115999942646e-05         |6.659300015599001e-05         |500000                        |
|2.0726000002468936e-05        |5.054320001363521e-05         |0.0001167070004157722         |600000                        |
|1.9554001482902095e-05        |5.8113259910896886e-05        |0.00010302400005457457        |700000                        |
|2.4244000087492168e-05        |6.416483996872557e-05         |0.00011734300096577499        |800000                        |
|2.044000029854942e-05         |6.250028003705666e-05         |0.00015429500126629137        |900000                        |
|1.8123999325325713e-05        |7.649467999726767e-05         |0.00018244599959871266        |1000000                       |
