|2.6609995984472334e-06        |7.114002073649317e-08         |5.65799928153865e-06          |10                            |
|3.612000000430271e-06         |1.0684001608751714e-07        |2.1163999917916954e-05        |20                            |
|4.465000529307872e-06         |1.0638003004714847e-07        |1.9879000319633633e-05        |30                            |
|4.050001734867692e-06         |1.0272000508848577e-07        |3.271199966548011e-05         |40                            |
|4.030000127386302e-06         |9.983996278606355e-08         |2.65889975707978e-05          |50                            |
|5.207999492995441e-06         |1.0916002793237567e-07        |3.3940999855985865e-05        |60                            |
|4.47599813924171e-06          |1.0431998816784471e-07        |1.77610017999541e-05          |70                            |
|3.7059980968479067e-06        |1.2378004612401128e-07        |6.762998964404687e-06         |80                            |
|4.841000190936029e-06         |1.1869997251778841e-07        |6.627000402659178e-06         |90                            |
|2.2269996406976134e-06        |5.55600126972422e-08          |4.294997779652476e-06         |100                           |
|4.830002581002191e-06         |1.947199780261144e-07         |2.6290999812772498e-05        |100                           |
|4.544002877082676e-06         |2.2426000214181841e-07        |3.389899939065799e-05         |200                           |
|3.668999852379784e-06         |1.1470001481939107e-07        |0.00015225600145640783        |300                           |
|4.1290004446636885e-06        |8.258000889327376e-08         |3.54450021404773e-05          |400                           |
|4.0529994294047356e-06        |8.463997801300138e-08         |2.7104000764666125e-05        |500                           |
|3.851000656140968e-06         |1.0534000466577709e-07        |1.5443001757375896e-05        |600                           |
|4.579000233206898e-06         |1.2354001228231936e-07        |1.3292999938130379e-05        |700                           |
|4.978002834832296e-06         |1.9104001694358885e-07        |3.108999953838065e-05         |800                           |
|4.6099994506221265e-06        |1.1732001439668238e-07        |1.6401001630583778e-05        |900                           |
|4.616002115653828e-06         |9.232004231307656e-08         |2.4113000108627602e-05        |1000                          |
|5.273999704513699e-06         |1.3928001862950623e-07        |6.527199730044231e-05         |1000                          |
|6.352001946652308e-06         |1.5858000551816076e-07        |5.274499926599674e-05         |2000                          |
|7.015998562565073e-06         |1.6661993868183344e-07        |3.949899837607518e-05         |3000                          |
|8.259001333499327e-06         |2.04880052478984e-07          |4.2637999285943806e-05        |4000                          |
|8.619001164333895e-06         |1.8111997633241116e-07        |2.645200220285915e-05         |5000                          |
|8.341001375811175e-06         |2.360600046813488e-07         |2.7312002202961594e-05        |6000                          |
|1.0147003195015714e-05        |2.417399809928611e-07         |2.4171000404749066e-05        |7000                          |
|9.842999133979902e-06         |2.2875996364746242e-07        |3.087699951720424e-05         |8000                          |
|9.184997907141224e-06         |2.565999602666125e-07         |2.479899922036566e-05         |9000                          |
|7.089001883286983e-06         |2.626200148370117e-07         |2.3694999981671572e-05        |10000                         |
|9.626000974094495e-06         |2.492799831088632e-07         |8.808300117379986e-05         |10000                         |
|1.0293002560501918e-05        |2.396199852228165e-07         |4.7688001359347254e-05        |20000                         |
|1.208200046676211e-05         |5.711799894925207e-07         |8.322500070789829e-05         |30000                         |
|1.1148000339744613e-05        |2.824999683070928e-07         |2.68320000031963e-05          |40000                         |
|1.2644999515032396e-05        |3.1887997465673833e-07        |4.113099930691533e-05         |50000                         |
|1.3580000086221844e-05        |3.5343997296877204e-07        |2.798300192807801e-05         |60000                         |
|1.253099981113337e-05         |5.05599964526482e-07          |3.111100159003399e-05         |70000                         |
|1.2869000784121454e-05        |6.115799624240026e-07         |4.1613999201217666e-05        |80000                         |
|1.588099985383451e-05         |3.446999471634626e-07         |3.939499947591685e-05         |90000                         |
|1.2953001714777201e-05        |3.711600584210828e-07         |4.7981000534491614e-05        |100000                        |
|1.763700129231438e-05         |3.881599695887417e-07         |3.7747002352261916e-05        |100000                        |
|1.715100006549619e-05         |5.558799603022635e-07         |3.176900281687267e-05         |200000                        |
|1.4188000932335854e-05        |3.7992002035025506e-07        |3.1057999876793474e-05        |300000                        |
|1.4414999895961955e-05        |5.944800068391487e-07         |2.9724000341957435e-05        |400000                        |
|1.7630001821089536e-05        |4.5058004616294056e-07        |3.460600055404939e-05         |500000                        |
|1.5573998098261654e-05        |4.572000034386292e-07         |3.618399932747707e-05         |600000                        |
|1.560099917696789e-05         |4.283199814381078e-07         |3.677499989862554e-05         |700000                        |
|1.2002998118987307e-05        |6.355400546453894e-07         |3.536900112521835e-05         |800000                        |
|1.553699985379353e-05         |6.973800191190093e-07         |5.861299723619595e-05         |900000                        |
|1.3339998986339197e-05        |5.100599810248241e-07         |8.432100003119558e-05         |1000000                       |
