|Минимальное время             |Среднее время по 50 итерациям |Максимальное время            |Длина массива                 |
|2.6609995984472334e-06        |7.114002073649317e-08         |5.65799928153865e-06          |10                            |
|3.612000000430271e-06         |1.0684001608751714e-07        |2.1163999917916954e-05        |20                            |
|4.465000529307872e-06         |1.0638003004714847e-07        |1.9879000319633633e-05        |30                            |
|4.050001734867692e-06         |1.0272000508848577e-07        |3.271199966548011e-05         |40                            |
|4.030000127386302e-06         |9.983996278606355e-08         |2.65889975707978e-05          |50                            |
|5.207999492995441e-06         |1.0916002793237567e-07        |3.3940999855985865e-05        |60                            |
|4.47599813924171e-06          |1.0431998816784471e-07        |1.77610017999541e-05          |70                            |
|3.7059980968479067e-06        |1.2378004612401128e-07        |6.762998964404687e-06         |80                            |
|4.841000190936029e-06         |1.1869997251778841e-07        |6.627000402659178e-06         |90                            |
|2.2269996406976134e-06        |5.55600126972422e-08          |4.294997779652476e-06         |100                           |
