|Минимальное время             |Среднее время по 50 итерациям |Максимальное время            |Длина массива                 |
|5.273999704513699e-06         |1.3928001862950623e-07        |6.527199730044231e-05         |1000                          |
|6.352001946652308e-06         |1.5858000551816076e-07        |5.274499926599674e-05         |2000                          |
|7.015998562565073e-06         |1.6661993868183344e-07        |3.949899837607518e-05         |3000                          |
|8.259001333499327e-06         |2.04880052478984e-07          |4.2637999285943806e-05        |4000                          |
|8.619001164333895e-06         |1.8111997633241116e-07        |2.645200220285915e-05         |5000                          |
|8.341001375811175e-06         |2.360600046813488e-07         |2.7312002202961594e-05        |6000                          |
|1.0147003195015714e-05        |2.417399809928611e-07         |2.4171000404749066e-05        |7000                          |
|9.842999133979902e-06         |2.2875996364746242e-07        |3.087699951720424e-05         |8000                          |
|9.184997907141224e-06         |2.565999602666125e-07         |2.479899922036566e-05         |9000                          |
|7.089001883286983e-06         |2.626200148370117e-07         |2.3694999981671572e-05        |10000                         |
