|Минимальное время             |Среднее время по 50 итерациям |Максимальное время            |Длина массива                 |
|1.9859999156324193e-06        |2.8516400561784393e-06        |5.49999822396785e-06          |10                            |
|1.97000008483883e-06          |2.969759880215861e-06         |5.391999366111122e-06         |20                            |
|1.948999852174893e-06         |3.190119969076477e-06         |6.0870006564073265e-06        |30                            |
|2.0019997464260086e-06        |3.7180599611019717e-06        |8.135999451042153e-06         |40                            |
|2.0620009308913723e-06        |4.6229600411606955e-06        |1.4881999959470704e-05        |50                            |
|2.0900006347801536e-06        |3.4638400029507464e-06        |6.881999070174061e-06         |60                            |
|2.0789993868675083e-06        |3.5292199754621833e-06        |7.258999175974168e-06         |70                            |
|2.142000084859319e-06         |4.4241399518796245e-06        |1.338400034001097e-05         |80                            |
|2.972999936901033e-06         |8.846920027281157e-06         |1.9117000192636624e-05        |90                            |
|5.079999027657323e-06         |9.777000050235074e-06         |4.891800017503556e-05         |100                           |
|2.405999111942947e-06         |6.054879995645024e-06         |1.363299998047296e-05         |100                           |
|6.666999979643151e-06         |1.3922579782956745e-05        |5.9124999097548425e-05        |200                           |
|2.8960002964595333e-06        |1.1896200048795435e-05        |7.121899943740573e-05         |300                           |
|3.2629995985189453e-06        |8.336539794981945e-06         |3.154399928462226e-05         |400                           |
|4.157998773735017e-06         |1.1588319903239608e-05        |4.66069996036822e-05          |500                           |
|4.100000296602957e-06         |6.859040040581022e-06         |1.6874999346327968e-05        |600                           |
|3.980001565651037e-06         |7.972840066940989e-06         |4.5873000999563374e-05        |700                           |
|5.1560000429162756e-06        |1.2766879917762708e-05        |4.8590998630970716e-05        |800                           |
|4.319999789004214e-06         |9.0871199790854e-06           |2.5953999283956364e-05        |900                           |
|5.6729986681602895e-06        |1.4524620019074063e-05        |5.658300142385997e-05         |1000                          |
|3.896999260177836e-06         |9.289280023949687e-06         |3.59820005542133e-05          |1000                          |
|5.300000339047983e-06         |9.679519826022442e-06         |3.736600046977401e-05         |2000                          |
|5.436999344965443e-06         |8.92641986865783e-06          |1.792699913494289e-05         |3000                          |
|5.842999598826282e-06         |9.577020064170938e-06         |2.115600000252016e-05         |4000                          |
|6.180998752824962e-06         |1.0133940049854573e-05        |4.238600013195537e-05         |5000                          |
|1.1224999980186112e-05        |1.6556120026507415e-05        |6.509299964818638e-05         |6000                          |
|7.42900010664016e-06          |2.305291996890446e-05         |6.338700040942058e-05         |7000                          |
|6.068999937269837e-06         |1.0819860144692938e-05        |1.8835999071598053e-05        |8000                          |
|5.91000025451649e-06          |1.548423999338411e-05         |3.57509998138994e-05          |9000                          |
|7.4239997047698125e-06        |1.2684939938480967e-05        |3.28030000673607e-05          |10000                         |
|6.427999323932454e-06         |1.6352800048480277e-05        |2.572999983385671e-05         |10000                         |
|7.758000720059499e-06         |1.5528100047959014e-05        |2.9068000003462657e-05        |20000                         |
|1.4949000615160912e-05        |2.4164339956769256e-05        |3.6118000934948213e-05        |30000                         |
|1.6961999790510163e-05        |2.4413720129814465e-05        |3.909699989890214e-05         |40000                         |
|1.3763999959337525e-05        |2.6514539822528604e-05        |4.5249000322655775e-05        |50000                         |
|2.1767998987343162e-05        |2.693770013138419e-05         |4.8071000492200255e-05        |60000                         |
|2.2497999452752993e-05        |2.782173985906411e-05         |5.0438999096513726e-05        |70000                         |
|2.037800004472956e-05         |3.0012080023880117e-05        |0.00010009799916588236        |80000                         |
|2.0141000277362764e-05        |2.9078060033498333e-05        |5.0448001275071874e-05        |90000                         |
|1.9286000679130666e-05        |2.9639100030181e-05           |5.410000085248612e-05         |100000                        |
|1.976100065803621e-05         |2.804914001899306e-05         |4.860700028075371e-05         |100000                        |
|2.0711999241029844e-05        |3.33700200644671e-05          |7.378200098173693e-05         |200000                        |
|2.4172000848921016e-05        |4.098307996173389e-05         |9.162799869955052e-05         |300000                        |
|2.090800080623012e-05         |4.314041991165141e-05         |7.714700041105971e-05         |400000                        |
|2.3963000785443e-05           |5.069761995400768e-05         |7.477899998775683e-05         |500000                        |
|2.4962000679806806e-05        |4.9892740062205124e-05        |9.690300066722557e-05         |600000                        |
|2.351700095459819e-05         |5.941606024862267e-05         |0.0001432070002920227         |700000                        |
|2.3599999622092582e-05        |6.895483995322137e-05         |0.00013281599967740476        |800000                        |
|2.670399953785818e-05         |7.312260018807137e-05         |0.00018980599998030812        |900000                        |
|2.205900091212243e-05         |8.241260005888763e-05         |0.00019188399892300367        |1000000                       |
