|Минимальное время             |Среднее время по 50 итерациям |Максимальное время            |Длина массива                 |
|2.823000613716431e-06         |4.110100089746993e-06         |1.107700154534541e-05         |10                            |
|3.597000613808632e-06         |5.025779973948374e-06         |1.273199995921459e-05         |20                            |
|4.012999852420762e-06         |7.163440095609985e-06         |1.971100027731154e-05         |30                            |
|4.753999746753834e-06         |7.444220063916873e-06         |1.555699964228552e-05         |40                            |
|5.259998943074606e-06         |6.604100017284509e-06         |1.5301000530598685e-05        |50                            |
|5.4250012908596545e-06        |8.285320109280293e-06         |1.749399962136522e-05         |60                            |
|5.9710000641644e-06           |8.546600001864135e-06         |2.022300031967461e-05         |70                            |
|5.9989997680531815e-06        |9.501780004939064e-06         |2.0594001398421824e-05        |80                            |
|5.835001502418891e-06         |9.171079982479569e-06         |2.0483999833231792e-05        |90                            |
|7.763999747112393e-06         |2.14529400182073e-05          |9.204999878420494e-05         |100                           |
|5.5919990700203925e-06        |9.461820263823029e-06         |1.9159000657964498e-05        |100                           |
|1.1238998922635801e-05        |3.1527379942417614e-05        |0.00010932899931503925        |200                           |
|1.2795000657206401e-05        |2.5087280046136585e-05        |0.0001310380012000678         |300                           |
|1.3019998732488602e-05        |2.8879139936179854e-05        |0.00010176100113312714        |400                           |
|1.4856001143925823e-05        |2.0489000125962774e-05        |2.9652001103386283e-05        |500                           |
|1.6649999452056363e-05        |2.4850800036801958e-05        |9.061499986273702e-05         |600                           |
|1.669899938860908e-05         |2.687714008061448e-05         |0.00011009599984390661        |700                           |
|1.8693999663810246e-05        |3.033949982636841e-05         |7.340099909924902e-05         |800                           |
|1.883200093288906e-05         |3.3105300135503055e-05        |9.322699952463154e-05         |900                           |
|2.2029000319889747e-05        |3.189449991623406e-05         |8.28180000098655e-05          |1000                          |
|2.2137999621918425e-05        |3.290251992439153e-05         |7.659999937459361e-05         |1000                          |
|2.83090012089815e-05          |4.0540519876230974e-05        |8.806299956631847e-05         |2000                          |
|3.395000021555461e-05         |5.174142002942972e-05         |9.620399941923097e-05         |3000                          |
|3.7977000829414465e-05        |5.412360005720984e-05         |8.026400064409245e-05         |4000                          |
|4.519100002653431e-05         |5.8791460032807665e-05        |7.396699948003516e-05         |5000                          |
|5.418799992185086e-05         |7.754057995043695e-05         |0.0001279640000575455         |6000                          |
|5.969199992250651e-05         |0.0001003492599920719         |0.00018039899987343233        |7000                          |
|5.397099994297605e-05         |7.401561982987914e-05         |0.00010931900033028796        |8000                          |
|6.31300008535618e-05          |9.113740012253401e-05         |0.00017270200078201015        |9000                          |
|6.612799916183576e-05         |0.00010362993994931457        |0.00018295900008524768        |10000                         |
|6.53770002827514e-05          |9.041418004926527e-05         |0.0001355679996777326         |10000                         |
|8.658499973535072e-05         |0.00012042197991831926        |0.0001547760002722498         |20000                         |
|0.00010672200005501509        |0.0001676865999979782         |0.0005407879998529097         |30000                         |
|0.0001291759999730857         |0.0001923064199218061         |0.0003456430004007416         |40000                         |
|0.00014664599984826054        |0.000218412419926608          |0.0004548249999061227         |50000                         |
|0.0001676339998084586         |0.00026346752001700225        |0.0007796489990141708         |60000                         |
|0.00016815100025269203        |0.00028250206018128667        |0.0006698470006085699         |70000                         |
|0.0001866370002971962         |0.0002813178399810568         |0.000538316999154631          |80000                         |
|0.00019252300080552232        |0.00029318916003830966        |0.0005838020006194711         |90000                         |
|0.00020929400125169195        |0.00028236899997864385        |0.0005053309996583266         |100000                        |
|0.00020017899987578858        |0.0002645223800936947         |0.00035473199932312127        |100000                        |
|0.0002988839987665415         |0.0003989465999256936         |0.000576464999539894          |200000                        |
|0.00035127299997839145        |0.00047108928018133153        |0.0007080839986883802         |300000                        |
|0.00041302499994344544        |0.0005735927002024255         |0.0008464359998470172         |400000                        |
|0.0004867229999945266         |0.0006215970400808146         |0.0007611460005136905         |500000                        |
|0.000515207000717055          |0.0006998680799733848         |0.000958147998971981          |600000                        |
|0.0005510820010385942         |0.0007503798798643402         |0.0011530579995451262         |700000                        |
|0.0005822880011692178         |0.0008307166600934579         |0.0013628600008814828         |800000                        |
|0.0006306270006462            |0.0009085218600739609         |0.0016671590001351433         |900000                        |
|0.0006529210004373454         |0.0010318708802151378         |0.0025794180000957567         |1000000                       |
