|Минимальное время             |Среднее время по 50 итерациям |Максимальное время            |Длина массива                 |
|1.824999344535172e-06         |1.8720400839811192e-06        |2.413000402157195e-06         |10                            |
|2.5230001483578235e-06        |2.6983199859387243e-06        |4.628000169759616e-06         |20                            |
|2.609000148368068e-06         |3.5695799670065755e-06        |6.5469994297018275e-06        |30                            |
|2.847000359906815e-06         |4.1664799573482016e-06        |7.553999239462428e-06         |40                            |
|4.718000127468258e-06         |6.292260040936526e-06         |1.4555000234395266e-05        |50                            |
|3.4839995350921527e-06        |5.698659770132508e-06         |1.195900040329434e-05         |60                            |
|6.10999995842576e-06          |6.448620006267447e-06         |7.546001143055037e-06         |70                            |
|4.333000106271356e-06         |7.071759937389288e-06         |1.2690999938058667e-05        |80                            |
|5.4700012697139755e-06        |8.570079880882986e-06         |1.8655000530998223e-05        |90                            |
|6.03099942964036e-06          |1.214145991980331e-05         |4.657399949792307e-05         |100                           |
|5.324000085238367e-06         |9.642360164434648e-06         |1.9601000531110913e-05        |100                           |
|8.71399970492348e-06          |1.7372679976688233e-05        |3.329799983475823e-05         |200                           |
|1.3305001630214974e-05        |2.8347479965304956e-05        |0.00010788500003400259        |300                           |
|1.8939999790745787e-05        |4.6801179996691646e-05        |9.532700096315239e-05         |400                           |
|2.0559000404318795e-05        |4.277647993149003e-05         |7.662399912078399e-05         |500                           |
|2.71400003839517e-05          |4.947600016748765e-05         |0.00010135400043509435        |600                           |
|3.270799970778171e-05         |5.6924160089693034e-05        |7.278800148924347e-05         |700                           |
|3.64440002158517e-05          |6.79022401527618e-05          |0.00011761700079659931        |800                           |
|4.355899909569416e-05         |8.555934004107257e-05         |0.0001973369999177521         |900                           |
|4.9639000280876644e-05        |9.928489987942157e-05         |0.00022374699983629398        |1000                          |
|4.66820001747692e-05          |9.93068400566699e-05          |0.00020268899970687926        |1000                          |
|9.563999992678873e-05         |0.00013772839989542262        |0.00019613800031947903        |2000                          |
|0.00014823499986960087        |0.00018754491982690526        |0.00029743899904133286        |3000                          |
|0.00019830400015052874        |0.0002646342999651097         |0.0006752749995939666         |4000                          |
|0.0002506179989723023         |0.00028809789986553367        |0.0005186060006963089         |5000                          |
|0.0003033970006072195         |0.00036410302000149385        |0.0008260150007117772         |6000                          |
|0.00035150199983036146        |0.0004095771799256909         |0.0007166369996411959         |7000                          |
|0.0004074539992870996         |0.0004471850399568211         |0.0009447690008528298         |8000                          |
|0.0004590940006892197         |0.0005735116198775359         |0.0009552229985274607         |9000                          |
|0.0005066679987066891         |0.0006512913799087982         |0.0013609409998025512         |10000                         |
|0.0005090939994261134         |0.0005620078200445277         |0.0009628419993532589         |10000                         |
|0.0010329830001865048         |0.0010781525401762338         |0.0011827379985334119         |20000                         |
|0.0015587420002702856         |0.0016790214999127784         |0.0048382770000898745         |30000                         |
|0.0021228019995760405         |0.002474904879964015          |0.005235794000327587          |40000                         |
|0.002668999999514199          |0.0033487584999602406         |0.007368827999016503          |50000                         |
|0.003259913999499986          |0.004714635619784531          |0.011165457999595674          |60000                         |
|0.004000805000032415          |0.005340572660206817          |0.011173882001457969          |70000                         |
|0.004601217000526958          |0.006052642239919806          |0.02665355299905059           |80000                         |
|0.005452408000564901          |0.007305315200137556          |0.012264416000107303          |90000                         |
|0.006413082999642938          |0.008742580659927626          |0.014764724999622558          |100000                        |
|0.006168175001221243          |0.006482051699786098          |0.00877799499903631           |100000                        |
|0.015263634000802995          |0.016164851200010162          |0.023035043999698246          |200000                        |
|0.024774242001512903          |0.026236256220181532          |0.03744352200010326           |300000                        |
|0.03463306899902818           |0.03594487137990655           |0.04504151000037382           |400000                        |
|0.04424171299979207           |0.04601973651988374           |0.0601836709993222            |500000                        |
|0.05373970199980249           |0.0560605227799897            |0.06488279899895133           |600000                        |
|0.06348375900051906           |0.06593468954000854           |0.07672796599945286           |700000                        |
|0.072947575001308             |0.07651065203986945           |0.08462309000060486           |800000                        |
|0.08250594799937971           |0.08908526627994434           |0.10561130399946705           |900000                        |
|0.09241722099977778           |0.10783050730002287           |0.18479077899974072           |1000000                       |
